# OOTK-HUIM-UN-PNU Results
# Version: 1.0
# Generated: 2025-10-22T02:43:41.662444Z
# K: 100, MinProbability: 0.200000
# Total Results: 100
#
# Format: Rank | Items | Expected_Utility | Existential_Probability | Size

1 | 3 | 531.664200 | 1.000000 | 1
2 | 7 | 470.212000 | 1.000000 | 1
3 | 2, 4 | 440.324976 | 1.000000 | 2
4 | 3, 4 | 424.016650 | 0.999999 | 2
5 | 2, 4, 10 | 423.562536 | 0.999930 | 3
6 | 4, 10 | 415.456321 | 1.000000 | 2
7 | 10 | 410.100600 | 1.000000 | 1
8 | 2, 3, 4 | 408.928497 | 0.999785 | 3
9 | 4, 7 | 404.885022 | 0.999999 | 2
10 | 4, 7, 10 | 388.356394 | 0.999689 | 3
11 | 3, 4, 7 | 388.134151 | 0.999298 | 3
12 | 2, 4, 7 | 386.433508 | 0.999503 | 3
13 | 2 | 367.081400 | 1.000000 | 1
14 | 4 | 347.621400 | 1.000000 | 1
15 | 2, 4, 7, 10 | 340.466587 | 0.991414 | 4
16 | 3, 4, 7, 10 | 336.465338 | 0.991528 | 4
17 | 4, 5, 7 | 332.689088 | 0.999669 | 3
18 | 2, 3, 4, 7 | 328.822661 | 0.986863 | 4
19 | 2, 4, 5 | 310.322656 | 0.999850 | 3
20 | 2, 4, 5, 7 | 307.592923 | 0.993618 | 4
21 | 3, 4, 5, 7 | 290.415508 | 0.987548 | 4
22 | 1, 4, 7 | 288.742415 | 0.999803 | 3
23 | 4, 5, 7, 10 | 285.831671 | 0.991466 | 4
24 | 4, 5 | 277.166832 | 1.000000 | 2
25 | 1, 4, 7, 10 | 277.134304 | 0.995975 | 4
26 | 2, 3, 4, 7, 10 | 275.315708 | 0.946973 | 5
27 | 1, 3, 4, 10 | 273.678052 | 0.997125 | 4
28 | 1, 3, 4, 7 | 272.853355 | 0.991154 | 4
29 | 1, 3, 4 | 271.416513 | 0.999777 | 3
30 | 1, 4, 10 | 266.215118 | 0.999973 | 3
31 | 1, 2, 4, 7 | 263.536715 | 0.990908 | 4
32 | 1, 2, 4, 10 | 262.092085 | 0.996423 | 4
33 | 3, 4, 6 | 258.653061 | 0.998917 | 3
34 | 1, 2, 3, 4 | 253.170098 | 0.992037 | 4
35 | 2, 3, 4, 6 | 251.020034 | 0.986963 | 4
36 | 1, 2, 4 | 249.369426 | 0.999766 | 3
37 | 2, 4, 5, 7, 10 | 248.273845 | 0.950932 | 5
38 | 2, 3, 4, 5, 7 | 247.174625 | 0.940852 | 5
39 | 3, 4, 6, 7 | 241.452151 | 0.976918 | 4
40 | 1, 3, 4, 7, 10 | 240.262769 | 0.962409 | 5
41 | 1, 2, 3, 4, 10 | 239.365776 | 0.968176 | 5
42 | 1, 2, 4, 7, 10 | 235.488111 | 0.958862 | 5
43 | 2, 3, 4, 8 | 234.884450 | 0.997112 | 4
44 | 4, 6, 7 | 233.270402 | 0.998167 | 3
45 | 3, 4, 6, 10 | 233.027658 | 0.982366 | 4
46 | 2, 4, 6 | 231.355069 | 0.999253 | 3
47 | 3, 4, 5, 7, 10 | 230.241695 | 0.938820 | 5
48 | 3, 4, 9, 10 | 227.735579 | 0.994456 | 4
49 | 1, 4, 5, 7 | 227.735390 | 0.992174 | 4
50 | 2, 3, 4, 9 | 226.605327 | 0.993493 | 4
51 | 2, 4, 6, 7 | 224.883446 | 0.978971 | 4
52 | 1, 2, 3, 4, 7 | 224.063211 | 0.939553 | 5
53 | 2, 4, 7, 9 | 223.894326 | 0.990719 | 4
54 | 3, 4, 7, 8 | 222.184398 | 0.992279 | 4
55 | 2, 4, 9, 10 | 218.036913 | 0.994100 | 4
56 | 4, 7, 8, 10 | 216.731125 | 0.995430 | 4
57 | 3, 4, 9 | 216.190807 | 0.999721 | 3
58 | 2, 4, 6, 10 | 215.824558 | 0.981996 | 4
59 | 4, 7, 9, 10 | 215.678220 | 0.990365 | 4
60 | 3, 4, 7, 9 | 214.706611 | 0.987443 | 4
61 | 2, 3, 4, 9, 10 | 212.702896 | 0.963576 | 5
62 | 2, 3, 4, 6, 10 | 212.171393 | 0.932955 | 5
63 | 2, 4, 7, 8 | 211.372332 | 0.992466 | 4
64 | 4, 7, 9 | 211.147831 | 0.999407 | 3
65 | 3, 4, 8 | 211.017551 | 0.999868 | 3
66 | 3, 4, 7, 8, 10 | 210.879832 | 0.966383 | 5
67 | 4, 6, 10 | 206.417099 | 0.997728 | 3
68 | 2, 4, 7, 8, 10 | 205.989323 | 0.966146 | 5
69 | 2, 3, 4, 6, 7 | 205.308035 | 0.905801 | 5
70 | 1, 2, 4, 5, 7 | 204.526795 | 0.953367 | 5
71 | 2, 4, 8 | 202.179515 | 0.999975 | 3
72 | 4, 6, 7, 10 | 202.161864 | 0.966900 | 4
73 | 2, 3, 4, 7, 8 | 201.612375 | 0.952918 | 5
74 | 1, 4 | 200.098052 | 1.000000 | 2
75 | 2, 4, 7, 9, 10 | 200.054783 | 0.948542 | 5
76 | 4, 7, 8 | 195.903751 | 0.999716 | 3
77 | 1, 4, 5, 7, 10 | 194.969361 | 0.957088 | 5
78 | 2, 4, 9 | 194.822673 | 0.999782 | 3
79 | 1, 3, 4, 5, 7 | 193.811705 | 0.934520 | 5
80 | 4, 9, 10 | 193.768644 | 0.999718 | 3
81 | 3, 4, 5, 6 | 193.248106 | 0.980354 | 4
82 | 2, 3, 4, 7, 9 | 192.839746 | 0.935353 | 5
83 | 1, 3, 4, 5 | 192.413517 | 0.984374 | 4
84 | 1, 2, 4, 5 | 192.204851 | 0.991159 | 4
85 | 1, 2, 3, 4, 7, 10 | 191.637014 | 0.864687 | 6
86 | 3, 4, 6, 7, 10 | 191.364324 | 0.895898 | 5
87 | 2, 3, 4, 5, 7, 10 | 190.706128 | 0.837881 | 6
88 | 3, 4, 7, 9, 10 | 189.573340 | 0.943436 | 5
89 | 4, 5, 6, 7 | 186.860051 | 0.977872 | 4
90 | 2, 4, 5, 7, 9 | 184.508370 | 0.960036 | 5
91 | 4, 5, 7, 9 | 183.694186 | 0.991905 | 4
92 | 2, 4, 5, 6 | 183.561951 | 0.988338 | 4
93 | 2, 3, 4, 5, 6 | 183.513748 | 0.931564 | 5
94 | 2, 3, 4, 7, 8, 10 | 181.710471 | 0.887887 | 6
95 | 1, 4, 5, 10 | 179.861488 | 0.990042 | 4
96 | 2, 4, 6, 7, 10 | 178.962654 | 0.890026 | 5
97 | 2, 4, 5, 6, 7 | 177.776939 | 0.925670 | 5
98 | 1, 2, 3, 4, 5 | 176.313515 | 0.934675 | 5
99 | 1, 4, 5 | 175.825318 | 0.999546 | 3
100 | 3, 4, 5, 6, 7 | 173.983152 | 0.893261 | 5
